% Readmission
15.40074074074074
14.519480519480519
15.011538461538462
15.861376673040153
15.384912130304329
14.743440233236152
16.019073569482288
15.744525547445255
16.735849056603772
16.253061224489795
15.373567921440262
14.282352941176471
14.547038327526133
15.82241813602015
15.0505698005698
15.073658927141713
15.4157223796034
16.00979653353429
15.781949458483755
14.990825688073395
15.366336633663366
16.683050847457626
15.375077112893276
15.419545071609098
15.93370551290998
15.69640179910045
14.94712990936556
15.251764705882353
15.689320388349515
15.548951048951048
16.540569020021074
15.165697674418604
16.44920634920635
15.396309314586995
15.348484848484848
15.670114942528736
15.523057485786481
14.602339181286549
15.735221674876847
16.245833333333334
15.943181818181818
15.4240317775571
15.089850249584027
15.746685275645499
15.470560747663551
14.580712788259959
15.441025641025641
15.545169712793733
14.689275893675527
15.915773353751915
14.922222222222222
15.117486338797814
